Measuring latencies between thin009 and thin010...
Running latency between core 0 on thin009 and core 0 on thin010...
1                    3967.28
2                    3949.78
4                    4109.33
8                    4046.33
16                   4060.73
32                   4134.48
64                   4130.68
128                  4017.03
256                  4092.43
512                  3950.83
1024                 4080.28
2048                 4066.48
4096                 4103.63
8192                 4039.93
16384                3934.47
32768                3933.98
65536                4181.00
131072               4290.98
262144               4007.48
524288               4258.97
1048576              4092.95
Running latency between core 0 on thin009 and core 1 on thin010...
1                       0.20
2                       0.19
4                       0.19
8                       0.19
16                      0.19
32                      0.23
64                      0.23
128                     0.34
256                     0.38
512                     0.45
1024                    0.55
2048                    0.76
4096                    1.22
8192                    2.05
16384                   3.18
32768                   5.16
65536                   8.72
131072                 15.63
262144                 17.41
524288                 32.69
1048576                67.77
Running latency between core 0 on thin009 and core 2 on thin010...
1                       0.22
2                       0.20
4                       0.20
8                       0.20
16                      0.19
32                      0.24
64                      0.23
128                     0.32
256                     0.37
512                     0.44
1024                    0.54
2048                    0.75
4096                    1.20
8192                    2.04
16384                   3.17
32768                   5.01
65536                   8.45
131072                 15.12
262144                 17.32
524288                 32.38
1048576                68.13
Running latency between core 0 on thin009 and core 3 on thin010...
1                       0.19
2                       0.19
4                       0.19
8                       0.19
16                      0.19
32                      0.24
64                      0.23
128                     0.34
256                     0.38
512                     0.45
1024                    0.55
2048                    0.76
4096                    1.21
8192                    2.05
16384                   3.16
32768                   5.02
65536                   8.54
131072                 15.24
262144                 17.42
524288                 32.72
1048576                68.39
Running latency between core 0 on thin009 and core 4 on thin010...
1                       0.24
2                       0.24
4                       0.23
8                       0.23
16                      0.22
32                      0.26
64                      0.24
128                     0.34
256                     0.38
512                     0.44
1024                    0.54
2048                    0.75
4096                    1.20
8192                    2.04
16384                   3.14
32768                   4.97
65536                   8.42
131072                 15.00
262144                 17.27
524288                 32.34
1048576                68.68
Running latency between core 0 on thin009 and core 5 on thin010...
1                       0.22
2                       0.21
4                       0.20
8                       0.20
16                      0.19
32                      0.24
64                      0.23
128                     0.33
256                     0.36
512                     0.44
1024                    0.54
2048                    0.75
4096                    1.20
8192                    2.04
16384                   3.18
32768                   5.07
65536                   8.65
131072                 15.44
262144                 17.03
524288                 32.28
1048576                72.51
Running latency between core 0 on thin009 and core 6 on thin010...
1                       0.21
2                       0.20
4                       0.20
8                       0.20
16                      0.19
32                      0.23
64                      0.23
128                     0.34
256                     0.39
512                     0.45
1024                    0.55
2048                    0.76
4096                    1.21
8192                    2.04
16384                   3.15
32768                   5.00
65536                   8.46
131072                 15.21
262144                 17.50
524288                 32.93
1048576                70.59
Running latency between core 0 on thin009 and core 7 on thin010...
1                       0.20
2                       0.20
4                       0.20
8                       0.20
16                      0.20
32                      0.25
64                      0.24
128                     0.34
256                     0.39
512                     0.45
1024                    0.55
2048                    0.76
4096                    1.21
8192                    2.05
16384                   3.18
32768                   5.00
65536                   8.47
131072                 15.17
262144                 17.32
524288                 32.57
1048576                69.24
Running latency between core 0 on thin009 and core 8 on thin010...
1                       0.21
2                       0.21
4                       0.20
8                       0.20
16                      0.20
32                      0.24
64                      0.23
128                     0.33
256                     0.37
512                     0.45
1024                    0.54
2048                    0.76
4096                    1.21
8192                    2.03
16384                   3.18
32768                   5.02
65536                   8.53
131072                 15.24
262144                 17.31
524288                 32.75
1048576                67.76
Running latency between core 0 on thin009 and core 9 on thin010...
1                       0.25
2                       0.23
4                       0.23
8                       0.22
16                      0.21
32                      0.25
64                      0.24
128                     0.34
256                     0.36
512                     0.44
1024                    0.55
2048                    0.76
4096                    1.20
8192                    2.05
16384                   3.17
32768                   4.98
65536                   8.44
131072                 15.08
262144                 17.34
524288                 32.54
1048576                69.40
Running latency between core 0 on thin009 and core 10 on thin010...
1                       0.20
2                       0.19
4                       0.19
8                       0.19
16                      0.19
32                      0.24
64                      0.23
128                     0.33
256                     0.36
512                     0.44
1024                    0.55
2048                    0.76
4096                    1.21
8192                    2.06
16384                   3.22
32768                   5.08
65536                   8.67
131072                 15.50
262144                 17.15
524288                 32.17
1048576                67.04
Running latency between core 0 on thin009 and core 11 on thin010...
1                       0.19
2                       0.19
4                       0.19
8                       0.19
16                      0.19
32                      0.23
64                      0.22
128                     0.32
256                     0.36
512                     0.43
1024                    0.54
2048                    0.75
4096                    1.20
8192                    2.03
16384                   3.16
32768                   5.05
65536                   8.46
131072                 15.08
262144                 17.36
524288                 32.33
1048576                67.56
Running latency between core 0 on thin009 and core 12 on thin010...
1                       0.51
2                       0.48
4                       0.45
8                       0.44
16                      0.42
32                      0.57
64                      0.57
128                     0.96
256                     1.10
512                     1.28
1024                    1.46
2048                    1.99
4096                    2.78
8192                    4.36
16384                   7.16
32768                  12.23
65536                  22.38
131072                 42.94
262144                 18.46
524288                 33.68
1048576                69.28
Running latency between core 0 on thin009 and core 13 on thin010...
1                       0.44
2                       0.44
4                       0.42
8                       0.41
16                      0.41
32                      0.57
64                      0.56
128                     0.96
256                     1.06
512                     1.24
1024                    1.47
2048                    2.00
4096                    2.81
8192                    4.37
16384                   7.14
32768                  12.19
65536                  22.21
131072                 42.35
262144                 18.21
524288                 33.72
1048576                70.42
Running latency between core 0 on thin009 and core 14 on thin010...
1                       0.47
2                       0.45
4                       0.43
8                       0.42
16                      0.41
32                      0.56
64                      0.56
128                     1.01
256                     1.08
512                     1.26
1024                    1.46
2048                    1.99
4096                    2.78
8192                    4.36
16384                   7.21
32768                  12.16
65536                  22.25
131072                 42.24
262144                 18.36
524288                 33.70
1048576                69.13
Running latency between core 0 on thin009 and core 15 on thin010...
1                       0.44
2                       0.43
4                       0.42
8                       0.41
16                      0.41
32                      0.56
64                      0.55
128                     0.96
256                     1.08
512                     1.25
1024                    1.47
2048                    2.00
4096                    2.81
8192                    4.36
16384                   7.12
32768                  12.16
65536                  22.10
131072                 41.22
262144                 18.37
524288                 33.74
1048576                69.65
Running latency between core 0 on thin009 and core 16 on thin010...
1                       0.46
2                       0.44
4                       0.43
8                       0.42
16                      0.41
32                      0.56
64                      0.55
128                     0.97
256                     1.09
512                     1.23
1024                    1.47
2048                    1.99
4096                    2.77
8192                    4.35
16384                   7.09
32768                  12.13
65536                  22.14
131072                 42.00
262144                 18.35
524288                 33.52
1048576                69.46
Running latency between core 0 on thin009 and core 17 on thin010...
1                       0.46
2                       0.44
4                       0.43
8                       0.41
16                      0.40
32                      0.56
64                      0.55
128                     0.96
256                     1.06
512                     1.27
1024                    1.47
2048                    2.00
4096                    2.77
8192                    4.35
16384                   7.11
32768                  12.14
65536                  22.07
131072                 42.19
262144                 18.00
524288                 33.24
1048576                71.14
Running latency between core 0 on thin009 and core 18 on thin010...
1                       0.42
2                       0.42
4                       0.41
8                       0.41
16                      0.40
32                      0.56
64                      0.55
128                     0.97
256                     1.05
512                     1.26
1024                    1.46
2048                    2.00
4096                    2.79
8192                    4.32
16384                   7.07
32768                  12.01
65536                  21.80
131072                 41.32
262144                 18.38
524288                 33.75
1048576                70.78
Running latency between core 0 on thin009 and core 19 on thin010...
1                       0.41
2                       0.41
4                       0.41
8                       0.41
16                      0.41
32                      0.56
64                      0.56
128                     0.98
256                     1.04
512                     1.26
1024                    1.47
2048                    2.01
4096                    2.83
8192                    4.39
16384                   7.15
32768                  12.23
65536                  22.37
131072                 42.58
262144                 18.28
524288                 34.01
1048576                70.17
Running latency between core 0 on thin009 and core 20 on thin010...
1                       0.48
2                       0.47
4                       0.44
8                       0.43
16                      0.42
32                      0.56
64                      0.55
128                     0.99
256                     1.06
512                     1.26
1024                    1.46
2048                    2.01
4096                    2.78
8192                    4.37
16384                   7.14
32768                  12.20
65536                  22.30
131072                 42.43
262144                 18.40
524288                 33.90
1048576                70.72
Running latency between core 0 on thin009 and core 21 on thin010...
1                       0.43
2                       0.41
4                       0.41
8                       0.41
16                      0.40
32                      0.56
64                      0.52
128                     0.88
256                     0.96
512                     1.17
1024                    1.37
2048                    1.68
4096                    2.48
8192                    3.75
16384                   5.78
32768                   9.81
65536                  17.74
131072                 33.78
262144                 18.25
524288                 33.82
1048576                70.51
Running latency between core 0 on thin009 and core 22 on thin010...
1                       0.45
2                       0.43
4                       0.43
8                       0.42
16                      0.41
32                      0.58
64                      0.53
128                     0.87
256                     0.97
512                     1.16
1024                    1.36
2048                    1.67
4096                    2.47
8192                    3.75
16384                   5.77
32768                   9.79
65536                  17.78
131072                 33.91
262144                 18.15
524288                 33.29
1048576                69.89
Running latency between core 0 on thin009 and core 23 on thin010...
1                       0.48
2                       0.47
4                       0.45
8                       0.43
16                      0.42
32                      0.57
64                      0.55
128                     1.01
256                     1.05
512                     1.25
1024                    1.47
2048                    1.99
4096                    2.78
8192                    4.34
16384                   7.11
32768                  12.16
65536                  22.19
131072                 41.74
262144                 18.34
524288                 33.40
1048576                69.68
Running latency between core 1 on thin009 and core 1 on thin010...
1                    4139.08
2                    4145.23
4                    4152.98
8                    4156.18
16                   4139.98
32                   4148.58
64                   4148.13
128                  4130.23
256                  4143.18
512                  4138.98
1024                 4140.83
2048                 4153.58
4096                 4162.43
8192                 4153.88
16384                4155.98
32768                4157.98
65536                4122.48
131072               4181.48
262144               4169.98
524288               4057.47
1048576              4139.46
Running latency between core 1 on thin009 and core 2 on thin010...
1                       0.21
2                       0.21
4                       0.20
8                       0.20
16                      0.20
32                      0.24
64                      0.24
128                     0.34
256                     0.37
512                     0.43
1024                    0.54
2048                    0.76
4096                    1.20
8192                    2.02
16384                   3.13
32768                   4.94
65536                   8.33
131072                 14.88
262144                 17.11
524288                 32.35
1048576                67.79
Running latency between core 1 on thin009 and core 3 on thin010...
1                       0.20
2                       0.19
4                       0.19
8                       0.19
16                      0.19
32                      0.23
64                      0.23
128                     0.34
256                     0.38
512                     0.44
1024                    0.55
2048                    0.76
4096                    1.21
8192                    2.04
16384                   3.15
32768                   4.97
65536                   8.42
131072                 15.04
262144                 17.49
524288                 32.60
1048576                70.27
Running latency between core 1 on thin009 and core 4 on thin010...
1                       0.21
2                       0.21
4                       0.21
8                       0.20
16                      0.20
32                      0.25
64                      0.24
128                     0.32
256                     0.36
512                     0.43
1024                    0.54
2048                    0.75
4096                    1.20
8192                    2.03
16384                   3.15
32768                   4.95
65536                   8.35
131072                 14.86
262144                 17.08
524288                 32.42
1048576                68.96
Running latency between core 1 on thin009 and core 5 on thin010...
1                       0.21
2                       0.21
4                       0.21
8                       0.21
16                      0.20
32                      0.24
64                      0.24
128                     0.33
256                     0.38
512                     0.43
1024                    0.54
2048                    0.76
4096                    1.20
8192                    2.03
16384                   3.15
32768                   5.01
65536                   8.54
131072                 15.23
262144                 17.03
524288                 31.92
1048576                65.73
Running latency between core 1 on thin009 and core 6 on thin010...
1                       0.18
2                       0.18
4                       0.19
8                       0.18
16                      0.18
32                      0.23
64                      0.22
128                     0.33
256                     0.37
512                     0.44
1024                    0.54
2048                    0.75
4096                    1.20
8192                    2.03
16384                   3.16
32768                   4.96
65536                   8.36
131072                 14.93
262144                 17.13
524288                 32.34
1048576                68.40
Running latency between core 1 on thin009 and core 7 on thin010...
1                       0.21
2                       0.21
4                       0.21
8                       0.20
16                      0.20
32                      0.24
64                      0.23
128                     0.33
256                     0.37
512                     0.43
1024                    0.54
2048                    0.76
4096                    1.21
8192                    2.04
16384                   3.17
32768                   4.99
65536                   8.45
131072                 15.13
262144                 17.47
524288                 32.66
1048576                68.53
Running latency between core 1 on thin009 and core 8 on thin010...
1                       0.21
2                       0.20
4                       0.20
8                       0.20
16                      0.19
32                      0.24
64                      0.23
128                     0.34
256                     0.37
512                     0.44
1024                    0.55
2048                    0.76
4096                    1.21
8192                    2.05
16384                   3.19
32768                   4.99
65536                   8.46
131072                 15.04
262144                 17.42
524288                 32.76
1048576                68.63
Running latency between core 1 on thin009 and core 9 on thin010...
1                       0.19
2                       0.19
4                       0.19
8                       0.19
16                      0.19
32                      0.23
64                      0.23
128                     0.34
256                     0.37
512                     0.44
1024                    0.54
2048                    0.75
4096                    1.20
8192                    2.03
16384                   3.15
32768                   4.95
65536                   8.36
131072                 14.90
262144                 17.18
524288                 32.76
1048576                71.17
Running latency between core 1 on thin009 and core 10 on thin010...
1                       0.20
2                       0.20
4                       0.20
8                       0.20
16                      0.20
32                      0.24
64                      0.23
128                     0.33
256                     0.37
512                     0.44
1024                    0.54
2048                    0.75
4096                    1.19
8192                    2.03
16384                   3.18
32768                   5.05
65536                   8.58
131072                 15.26
262144                 17.00
524288                 31.84
1048576                67.36
Running latency between core 1 on thin009 and core 11 on thin010...
1                       0.20
2                       0.19
4                       0.19
8                       0.19
16                      0.19
32                      0.23
64                      0.22
128                     0.32
256                     0.36
512                     0.43
1024                    0.54
2048                    0.75
4096                    1.20
8192                    2.02
16384                   3.14
32768                   4.94
65536                   8.34
131072                 14.86
262144                 17.24
524288                 32.83
1048576                68.19
Running latency between core 1 on thin009 and core 12 on thin010...
1                       0.46
2                       0.43
4                       0.42
8                       0.41
16                      0.40
32                      0.56
64                      0.54
128                     0.97
256                     1.03
512                     1.25
1024                    1.46
2048                    2.00
4096                    2.81
8192                    4.37
16384                   7.15
32768                  12.21
65536                  22.25
131072                 42.38
262144                 18.22
524288                 33.38
1048576                69.07
Running latency between core 1 on thin009 and core 13 on thin010...
1                       0.44
2                       0.43
4                       0.42
8                       0.41
16                      0.41
32                      0.54
64                      0.51
128                     0.87
256                     0.98
512                     1.20
1024                    1.36
2048                    1.69
4096                    2.48
8192                    3.77
16384                   5.81
32768                   9.83
65536                  17.72
131072                 33.63
262144                 18.04
524288                 33.38
1048576                70.71
Running latency between core 1 on thin009 and core 14 on thin010...
1                       0.48
2                       0.47
4                       0.44
8                       0.43
16                      0.42
32                      0.57
64                      0.55
128                     0.96
256                     1.04
512                     1.25
1024                    1.46
2048                    1.99
4096                    2.80
8192                    4.36
16384                   7.11
32768                  12.14
65536                  22.19
131072                 41.91
262144                 18.13
524288                 33.46
1048576                69.48
Running latency between core 1 on thin009 and core 15 on thin010...
1                       0.48
2                       0.46
4                       0.44
8                       0.43
16                      0.42
32                      0.56
64                      0.55
128                     0.95
256                     1.08
512                     1.27
1024                    1.47
2048                    2.00
4096                    2.83
8192                    4.36
16384                   7.13
32768                  12.15
65536                  22.04
131072                 41.83
262144                 18.22
524288                 33.36
1048576                69.19
Running latency between core 1 on thin009 and core 16 on thin010...
1                       0.47
2                       0.46
4                       0.44
8                       0.42
16                      0.41
32                      0.56
64                      0.56
128                     0.98
256                     1.11
512                     1.26
1024                    1.47
2048                    1.99
4096                    2.81
8192                    4.35
16384                   7.12
32768                  12.14
65536                  22.14
131072                 41.99
262144                 18.08
524288                 33.25
1048576                68.65
Running latency between core 1 on thin009 and core 17 on thin010...
1                       0.40
2                       0.40
4                       0.40
8                       0.40
16                      0.40
32                      0.55
64                      0.51
128                     0.86
256                     0.95
512                     1.16
1024                    1.36
2048                    1.67
4096                    2.46
8192                    3.73
16384                   5.77
32768                   9.85
65536                  17.70
131072                 33.70
262144                 18.06
524288                 33.07
1048576                69.59
Running latency between core 1 on thin009 and core 18 on thin010...
1                       0.48
2                       0.46
4                       0.44
8                       0.42
16                      0.42
32                      0.57
64                      0.56
128                     0.95
256                     1.07
512                     1.26
1024                    1.46
2048                    2.00
4096                    2.80
8192                    4.35
16384                   7.16
32768                  12.16
65536                  22.21
131072                 42.22
262144                 18.25
524288                 33.44
1048576                69.94
Running latency between core 1 on thin009 and core 19 on thin010...
1                       0.50
2                       0.48
4                       0.45
8                       0.43
16                      0.42
32                      0.57
64                      0.56
128                     0.96
256                     1.06
512                     1.25
1024                    1.46
2048                    2.01
4096                    2.85
8192                    4.37
16384                   7.13
32768                  12.19
65536                  21.99
131072                 41.62
262144                 18.42
524288                 33.89
1048576                70.49
Running latency between core 1 on thin009 and core 20 on thin010...
1                       0.44
2                       0.43
4                       0.42
8                       0.41
16                      0.41
32                      0.57
64                      0.56
128                     0.94
256                     1.06
512                     1.23
1024                    1.46
2048                    2.00
4096                    2.82
8192                    4.36
16384                   7.14
32768                  12.18
65536                  22.20
131072                 42.40
262144                 18.17
524288                 33.40
1048576                70.14
Running latency between core 1 on thin009 and core 21 on thin010...
1                       0.41
2                       0.40
4                       0.40
8                       0.40
16                      0.40
32                      0.57
64                      0.56
128                     0.94
256                     1.04
512                     1.25
1024                    1.46
2048                    2.00
4096                    2.83
8192                    4.36
16384                   7.13
32768                  12.15
65536                  22.18
131072                 42.07
262144                 18.11
524288                 33.27
1048576                68.95
Running latency between core 1 on thin009 and core 22 on thin010...
1                       0.44
2                       0.43
4                       0.42
8                       0.41
16                      0.41
32                      0.56
64                      0.55
128                     1.02
256                     1.09
512                     1.24
1024                    1.47
2048                    1.99
4096                    2.80
8192                    4.33
16384                   7.07
32768                  12.06
65536                  21.87
131072                 41.28
262144                 18.00
524288                 33.55
1048576                68.76
Running latency between core 1 on thin009 and core 23 on thin010...
1                       0.42
2                       0.41
4                       0.41
8                       0.40
16                      0.40
32                      0.55
64                      0.55
128                     0.97
256                     1.08
512                     1.27
1024                    1.46
2048                    2.00
4096                    2.81
8192                    4.36
16384                   7.10
32768                  12.15
65536                  22.13
131072                 42.22
262144                 18.09
524288                 33.32
1048576                68.31


Measuring latencies between thin009 and thin010...
Running latency between core 2 on thin009 and core 2 on thin010...
1                    4039.48
2                    4038.13
4                    4032.28
8                    4031.53
16                   4044.98
32                   4050.58
64                   4040.63
128                  4029.63
256                  4039.23
512                  4042.53
1024                 4033.93
2048                 4038.93
4096                 4037.08
8192                 4050.13
16384                4065.48
32768                4036.98
65536                4055.49
131072               4069.48
262144               4047.00
524288               3987.97
1048576              4054.96
Running latency between core 2 on thin009 and core 4 on thin010...
1                       0.19
2                       0.19
4                       0.19
8                       0.19
16                      0.19
32                      0.23
64                      0.23
128                     0.32
256                     0.35
512                     0.43
1024                    0.54
2048                    0.75
4096                    1.20
8192                    2.03
16384                   3.14
32768                   4.94
65536                   8.32
131072                 14.83
262144                 17.55
524288                 31.17
1048576                63.52
Running latency between core 2 on thin009 and core 6 on thin010...
1                       0.19
2                       0.19
4                       0.19
8                       0.19
16                      0.19
32                      0.24
64                      0.23
128                     0.33
256                     0.37
512                     0.44
1024                    0.55
2048                    0.76
4096                    1.21
8192                    2.04
16384                   3.16
32768                   5.00
65536                   8.44
131072                 15.07
262144                 17.80
524288                 31.73
1048576                64.21
Running latency between core 2 on thin009 and core 8 on thin010...
1                       0.19
2                       0.19
4                       0.19
8                       0.19
16                      0.19
32                      0.24
64                      0.23
128                     0.34
256                     0.39
512                     0.45
1024                    0.55
2048                    0.75
4096                    1.21
8192                    2.03
16384                   3.15
32768                   4.96
65536                   8.40
131072                 14.96
262144                 17.46
524288                 31.03
1048576                63.92
Running latency between core 2 on thin009 and core 10 on thin010...
1                       0.19
2                       0.19
4                       0.19
8                       0.19
16                      0.19
32                      0.24
64                      0.23
128                     0.34
256                     0.38
512                     0.44
1024                    0.54
2048                    0.75
4096                    1.20
8192                    2.04
16384                   3.13
32768                   4.92
65536                   8.28
131072                 14.81
262144                 17.41
524288                 30.66
1048576                63.12
Running latency between core 2 on thin009 and core 12 on thin010...
1                       0.43
2                       0.40
4                       0.40
8                       0.40
16                      0.40
32                      0.59
64                      0.53
128                     0.97
256                     0.99
512                     1.17
1024                    1.37
2048                    1.67
4096                    2.49
8192                    3.75
16384                   5.84
32768                   9.90
65536                  17.91
131072                 34.09
262144                 18.92
524288                 34.38
1048576                68.49
Running latency between core 2 on thin009 and core 14 on thin010...
1                       0.40
2                       0.40
4                       0.40
8                       0.40
16                      0.40
32                      0.61
64                      0.55
128                     0.94
256                     1.05
512                     1.20
1024                    1.45
2048                    1.98
4096                    2.78
8192                    4.34
16384                   7.05
32768                  12.04
65536                  21.81
131072                 40.81
262144                 19.71
524288                 34.24
1048576                67.72
Running latency between core 2 on thin009 and core 16 on thin010...
1                       0.40
2                       0.39
4                       0.40
8                       0.39
16                      0.40
32                      0.60
64                      0.52
128                     0.92
256                     0.99
512                     1.18
1024                    1.34
2048                    1.67
4096                    2.48
8192                    3.74
16384                   5.80
32768                   9.83
65536                  17.77
131072                 33.72
262144                 19.71
524288                 34.08
1048576                67.14
Running latency between core 2 on thin009 and core 18 on thin010...
1                       0.40
2                       0.40
4                       0.40
8                       0.40
16                      0.41
32                      0.56
64                      0.56
128                     1.01
256                     1.10
512                     1.27
1024                    1.47
2048                    1.99
4096                    2.80
8192                    4.37
16384                   7.16
32768                  12.19
65536                  22.36
131072                 42.29
262144                 19.22
524288                 33.61
1048576                67.39
Running latency between core 2 on thin009 and core 20 on thin010...
1                       0.41
2                       0.41
4                       0.41
8                       0.41
16                      0.41
32                      0.62
64                      0.55
128                     0.96
256                     1.02
512                     1.19
1024                    1.36
2048                    1.68
4096                    2.50
8192                    3.76
16384                   5.82
32768                   9.90
65536                  17.86
131072                 33.88
262144                 19.00
524288                 33.64
1048576                67.92
Running latency between core 2 on thin009 and core 22 on thin010...
1                       0.41
2                       0.41
4                       0.41
8                       0.41
16                      0.41
32                      0.60
64                      0.54
128                     0.91
256                     1.01
512                     1.21
1024                    1.38
2048                    1.68
4096                    2.47
8192                    3.74
16384                   5.80
32768                   9.81
65536                  17.72
131072                 33.90
262144                 19.03
524288                 33.83
1048576                68.42
Running latency between core 4 on thin009 and core 4 on thin010...
1                    4044.98
2                    4039.18
4                    4032.18
8                    4030.58
16                   4033.58
32                   4035.18
64                   4034.38
128                  4035.18
256                  3984.28
512                  4032.28
1024                 4034.78
2048                 4027.03
4096                 3985.88
8192                 4031.48
16384                4051.98
32768                4000.98
65536                4015.49
131072               4029.48
262144               4065.98
524288               4051.96
1048576              4036.46
Running latency between core 4 on thin009 and core 6 on thin010...
1                       0.20
2                       0.20
4                       0.20
8                       0.20
16                      0.20
32                      0.24
64                      0.24
128                     0.34
256                     0.37
512                     0.45
1024                    0.55
2048                    0.76
4096                    1.21
8192                    2.05
16384                   3.16
32768                   4.96
65536                   8.41
131072                 15.02
262144                 17.41
524288                 31.84
1048576                66.05
Running latency between core 4 on thin009 and core 8 on thin010...
1                       0.19
2                       0.19
4                       0.19
8                       0.19
16                      0.19
32                      0.24
64                      0.23
128                     0.33
256                     0.37
512                     0.44
1024                    0.54
2048                    0.75
4096                    1.20
8192                    2.03
16384                   3.14
32768                   4.94
65536                   8.34
131072                 14.88
262144                 17.39
524288                 30.92
1048576                63.55
Running latency between core 4 on thin009 and core 10 on thin010...
1                       0.19
2                       0.19
4                       0.19
8                       0.19
16                      0.19
32                      0.23
64                      0.22
128                     0.33
256                     0.37
512                     0.42
1024                    0.52
2048                    0.74
4096                    1.20
8192                    2.02
16384                   3.13
32768                   4.90
65536                   8.24
131072                 14.68
262144                 17.38
524288                 31.35
1048576                63.66
Running latency between core 4 on thin009 and core 12 on thin010...
1                       0.41
2                       0.40
4                       0.40
8                       0.40
16                      0.40
32                      0.56
64                      0.55
128                     1.00
256                     1.08
512                     1.28
1024                    1.46
2048                    2.00
4096                    2.80
8192                    4.37
16384                   7.16
32768                  12.35
65536                  22.32
131072                 42.79
262144                 18.72
524288                 33.82
1048576                68.28
Running latency between core 4 on thin009 and core 14 on thin010...
1                       0.41
2                       0.41
4                       0.41
8                       0.41
16                      0.41
32                      0.56
64                      0.55
128                     0.97
256                     1.06
512                     1.22
1024                    1.48
2048                    1.99
4096                    2.79
8192                    4.35
16384                   7.12
32768                  12.13
65536                  22.15
131072                 42.19
262144                 19.02
524288                 34.03
1048576                68.47
Running latency between core 4 on thin009 and core 16 on thin010...
1                       0.41
2                       0.40
4                       0.40
8                       0.40
16                      0.40
32                      0.57
64                      0.55
128                     0.96
256                     1.08
512                     1.23
1024                    1.47
2048                    2.00
4096                    2.80
8192                    4.36
16384                   7.12
32768                  12.10
65536                  22.11
131072                 41.95
262144                 19.23
524288                 33.52
1048576                67.23
Running latency between core 4 on thin009 and core 18 on thin010...
1                       0.40
2                       0.40
4                       0.40
8                       0.40
16                      0.41
32                      0.60
64                      0.53
128                     0.95
256                     1.04
512                     1.20
1024                    1.37
2048                    1.68
4096                    2.49
8192                    3.76
16384                   5.80
32768                   9.84
65536                  17.87
131072                 34.03
262144                 19.24
524288                 34.00
1048576                68.10
Running latency between core 4 on thin009 and core 20 on thin010...
1                       0.41
2                       0.41
4                       0.41
8                       0.41
16                      0.41
32                      0.56
64                      0.55
128                     0.97
256                     1.07
512                     1.23
1024                    1.47
2048                    2.00
4096                    2.80
8192                    4.38
16384                   7.13
32768                  12.21
65536                  22.28
131072                 42.71
262144                 19.15
524288                 33.76
1048576                69.07
Running latency between core 4 on thin009 and core 22 on thin010...
1                       0.41
2                       0.40
4                       0.41
8                       0.41
16                      0.41
32                      0.59
64                      0.54
128                     0.95
256                     1.01
512                     1.19
1024                    1.36
2048                    1.68
4096                    2.48
8192                    3.74
16384                   5.78
32768                   9.77
65536                  17.73
131072                 33.80
262144                 18.62
524288                 32.71
1048576                65.93
Running latency between core 6 on thin009 and core 6 on thin010...
1                    4009.03
2                    4021.58
4                    4033.83
8                    4031.83
16                   4017.33
32                   4004.23
64                   3981.63
128                  3980.58
256                  4018.43
512                  3987.48
1024                 4026.78
2048                 4033.78
4096                 4010.03
8192                 4014.03
16384                4045.48
32768                4073.98
65536                4066.00
131072               4039.98
262144               4043.98
524288               4016.97
1048576              3990.96
Running latency between core 6 on thin009 and core 8 on thin010...
1                       0.19
2                       0.19
4                       0.19
8                       0.19
16                      0.19
32                      0.23
64                      0.23
128                     0.33
256                     0.38
512                     0.45
1024                    0.55
2048                    0.76
4096                    1.21
8192                    2.04
16384                   3.17
32768                   4.98
65536                   8.44
131072                 15.06
262144                 17.54
524288                 32.43
1048576                65.63
Running latency between core 6 on thin009 and core 10 on thin010...
1                       0.19
2                       0.19
4                       0.19
8                       0.19
16                      0.19
32                      0.24
64                      0.23
128                     0.32
256                     0.37
512                     0.45
1024                    0.54
2048                    0.75
4096                    1.20
8192                    2.05
16384                   3.21
32768                   5.03
65536                   8.59
131072                 15.31
262144                 17.54
524288                 32.06
1048576                65.53
Running latency between core 6 on thin009 and core 12 on thin010...
1                       0.42
2                       0.42
4                       0.42
8                       0.42
16                      0.42
32                      0.56
64                      0.55
128                     1.04
256                     1.10
512                     1.26
1024                    1.48
2048                    2.02
4096                    2.80
8192                    4.40
16384                   7.21
32768                  12.28
65536                  22.31
131072                 42.14
262144                 18.95
524288                 34.67
1048576                71.49
Running latency between core 6 on thin009 and core 14 on thin010...
1                       0.40
2                       0.40
4                       0.41
8                       0.40
16                      0.40
32                      0.59
64                      0.54
128                     0.89
256                     1.00
512                     1.19
1024                    1.35
2048                    1.68
4096                    2.49
8192                    3.76
16384                   5.83
32768                   9.85
65536                  17.86
131072                 34.01
262144                 19.13
524288                 34.69
1048576                70.74
Running latency between core 6 on thin009 and core 16 on thin010...
1                       0.41
2                       0.40
4                       0.40
8                       0.41
16                      0.40
32                      0.59
64                      0.54
128                     0.88
256                     0.98
512                     1.17
1024                    1.36
2048                    1.68
4096                    2.49
8192                    3.76
16384                   5.83
32768                  10.00
65536                  17.86
131072                 33.94
262144                 19.54
524288                 34.38
1048576                67.83
Running latency between core 6 on thin009 and core 18 on thin010...
1                       0.40
2                       0.40
4                       0.40
8                       0.40
16                      0.40
32                      0.56
64                      0.55
128                     1.01
256                     1.11
512                     1.26
1024                    1.46
2048                    2.02
4096                    2.79
8192                    4.36
16384                   7.13
32768                  12.21
65536                  22.32
131072                 42.81
262144                 19.82
524288                 33.90
1048576                66.70
Running latency between core 6 on thin009 and core 20 on thin010...
1                       0.40
2                       0.40
4                       0.40
8                       0.40
16                      0.40
32                      0.56
64                      0.54
128                     1.03
256                     1.09
512                     1.29
1024                    1.48
2048                    2.00
4096                    2.79
8192                    4.38
16384                   7.18
32768                  12.26
65536                  22.41
131072                 42.92
262144                 19.38
524288                 34.57
1048576                69.22
Running latency between core 6 on thin009 and core 22 on thin010...
1                       0.40
2                       0.40
4                       0.40
8                       0.40
16                      0.40
32                      0.57
64                      0.55
128                     1.01
256                     1.07
512                     1.23
1024                    1.45
2048                    1.99
4096                    2.77
8192                    4.31
16384                   6.98
32768                  11.81
65536                  20.56
131072                 38.28
262144                 18.78
524288                 33.34
1048576                67.35
Running latency between core 8 on thin009 and core 8 on thin010...
1                    4008.38
2                    4008.93
4                    4013.43
8                    4017.68
16                   4012.63
32                   3979.53
64                   4002.18
128                  4016.08
256                  3993.23
512                  4016.23
1024                 4012.28
2048                 4019.78
4096                 4003.58
8192                 4011.78
16384                4027.48
32768                4016.48
65536                3982.49
131072               3987.48
262144               4032.48
524288               4024.47
1048576              4012.95
Running latency between core 8 on thin009 and core 10 on thin010...
1                       0.19
2                       0.19
4                       0.19
8                       0.19
16                      0.19
32                      0.23
64                      0.23
128                     0.32
256                     0.35
512                     0.43
1024                    0.54
2048                    0.75
4096                    1.20
8192                    2.02
16384                   3.13
32768                   4.93
65536                   8.34
131072                 14.79
262144                 17.29
524288                 31.80
1048576                66.35
Running latency between core 8 on thin009 and core 12 on thin010...
1                       0.41
2                       0.41
4                       0.41
8                       0.41
16                      0.41
32                      0.56
64                      0.56
128                     1.01
256                     1.11
512                     1.28
1024                    1.47
2048                    1.99
4096                    2.79
8192                    4.37
16384                   7.16
32768                  12.20
65536                  22.35
131072                 42.79
262144                 18.64
524288                 34.39
1048576                73.37
Running latency between core 8 on thin009 and core 14 on thin010...
1                       0.40
2                       0.40
4                       0.40
8                       0.40
16                      0.40
32                      0.56
64                      0.55
128                     1.01
256                     1.09
512                     1.28
1024                    1.46
2048                    2.00
4096                    2.77
8192                    4.36
16384                   7.11
32768                  12.30
65536                  22.23
131072                 42.59
262144                 18.61
524288                 33.55
1048576                69.20
Running latency between core 8 on thin009 and core 16 on thin010...
1                       0.40
2                       0.40
4                       0.40
8                       0.40
16                      0.40
32                      0.57
64                      0.53
128                     0.93
256                     0.96
512                     1.18
1024                    1.37
2048                    1.67
4096                    2.48
8192                    3.75
16384                   5.76
32768                   9.76
65536                  17.74
131072                 33.66
262144                 19.06
524288                 33.81
1048576                69.87
Running latency between core 8 on thin009 and core 18 on thin010...
1                       0.40
2                       0.40
4                       0.40
8                       0.40
16                      0.40
32                      0.55
64                      0.54
128                     0.95
256                     1.06
512                     1.23
1024                    1.50
2048                    1.99
4096                    2.79
8192                    4.36
16384                   7.12
32768                  12.19
65536                  22.22
131072                 42.25
262144                 19.09
524288                 33.82
1048576                68.49
Running latency between core 8 on thin009 and core 20 on thin010...
1                       0.41
2                       0.41
4                       0.40
8                       0.41
16                      0.41
32                      0.56
64                      0.55
128                     0.96
256                     1.09
512                     1.26
1024                    1.46
2048                    1.99
4096                    2.80
8192                    4.37
16384                   7.17
32768                  12.21
65536                  22.33
131072                 42.72
262144                 18.65
524288                 33.62
1048576                68.53
Running latency between core 8 on thin009 and core 22 on thin010...
1                       0.41
2                       0.41
4                       0.41
8                       0.41
16                      0.41
32                      0.56
64                      0.56
128                     0.96
256                     1.05
512                     1.23
1024                    1.45
2048                    1.99
4096                    2.78
8192                    4.35
16384                   7.12
32768                  12.19
65536                  22.34
131072                 42.74
262144                 18.69
524288                 33.04
1048576                67.16
Running latency between core 10 on thin009 and core 10 on thin010...
1                    3983.13
2                    3999.48
4                    4015.33
8                    4012.58
16                   3994.68
32                   4020.43
64                   4032.03
128                  4017.68
256                  4014.23
512                  4014.23
1024                 4017.63
2048                 3984.38
4096                 4016.23
8192                 4019.98
16384                4008.48
32768                4050.98
65536                4009.00
131072               4035.48
262144               4022.98
524288               4056.97
1048576              3980.96
Running latency between core 10 on thin009 and core 12 on thin010...
1                       0.40
2                       0.40
4                       0.40
8                       0.40
16                      0.40
32                      0.55
64                      0.55
128                     0.98
256                     1.08
512                     1.25
1024                    1.46
2048                    1.99
4096                    2.78
8192                    4.34
16384                   7.12
32768                  12.08
65536                  22.05
131072                 42.09
262144                 18.75
524288                 33.31
1048576                69.56
Running latency between core 10 on thin009 and core 14 on thin010...
1                       0.41
2                       0.41
4                       0.41
8                       0.41
16                      0.41
32                      0.56
64                      0.55
128                     0.96
256                     1.06
512                     1.23
1024                    1.46
2048                    2.00
4096                    2.79
8192                    4.36
16384                   7.09
32768                  12.11
65536                  22.09
131072                 42.05
262144                 18.88
524288                 33.23
1048576                67.13
Running latency between core 10 on thin009 and core 16 on thin010...
1                       0.41
2                       0.40
4                       0.40
8                       0.40
16                      0.40
32                      0.57
64                      0.52
128                     0.90
256                     0.95
512                     1.16
1024                    1.36
2048                    1.67
4096                    2.47
8192                    3.74
16384                   5.76
32768                   9.77
65536                  17.67
131072                 33.64
262144                 18.38
524288                 33.18
1048576                71.12
Running latency between core 10 on thin009 and core 18 on thin010...
1                       0.40
2                       0.40
4                       0.41
8                       0.40
16                      0.41
32                      0.60
64                      0.52
128                     0.87
256                     0.98
512                     1.21
1024                    1.36
2048                    1.67
4096                    2.47
8192                    3.75
16384                   5.81
32768                   9.80
65536                  17.80
131072                 33.91
262144                 19.53
524288                 34.08
1048576                68.95
Running latency between core 10 on thin009 and core 20 on thin010...
1                       0.40
2                       0.40
4                       0.40
8                       0.40
16                      0.40
32                      0.56
64                      0.55
128                     0.94
256                     1.07
512                     1.27
1024                    1.46
2048                    1.99
4096                    2.78
8192                    4.37
16384                   7.13
32768                  12.18
65536                  22.15
131072                 42.02
262144                 19.53
524288                 35.11
1048576                69.40
Running latency between core 10 on thin009 and core 22 on thin010...
1                       0.41
2                       0.41
4                       0.41
8                       0.41
16                      0.41
32                      0.56
64                      0.56
128                     0.96
256                     1.05
512                     1.26
1024                    1.47
2048                    1.99
4096                    2.79
8192                    4.34
16384                   7.07
32768                  12.18
65536                  21.95
131072                 41.76
262144                 18.02
524288                 33.08
1048576                69.09

Measuring latencies between thin009 and thin010...
Running latency between core 12 on thin009 and core 12 on thin010...
1                    4030.33
2                    4033.38
4                    4036.98
8                    4040.38
16                   4023.98
32                   4028.78
64                   4031.28
128                  4026.73
256                  4032.83
512                  4016.83
1024                 4028.78
2048                 4038.18
4096                 4033.23
8192                 4026.18
16384                4043.48
32768                4026.98
65536                4027.50
131072               4024.48
262144               4033.48
524288               4013.47
1048576              4004.45
Running latency between core 12 on thin009 and core 14 on thin010...
1                       0.21
2                       0.20
4                       0.19
8                       0.19
16                      0.19
32                      0.23
64                      0.23
128                     0.32
256                     0.36
512                     0.44
1024                    0.54
2048                    0.75
4096                    1.20
8192                    2.04
16384                   3.18
32768                   5.00
65536                   8.48
131072                 15.18
262144                 17.83
524288                 33.39
1048576                69.05
Running latency between core 12 on thin009 and core 16 on thin010...
1                       0.20
2                       0.20
4                       0.20
8                       0.19
16                      0.20
32                      0.24
64                      0.24
128                     0.31
256                     0.35
512                     0.42
1024                    0.54
2048                    0.76
4096                    1.21
8192                    2.03
16384                   3.15
32768                   4.95
65536                   8.43
131072                 15.11
262144                 17.78
524288                 33.15
1048576                69.09
Running latency between core 12 on thin009 and core 18 on thin010...
1                       0.20
2                       0.20
4                       0.19
8                       0.19
16                      0.19
32                      0.24
64                      0.24
128                     0.32
256                     0.36
512                     0.44
1024                    0.54
2048                    0.75
4096                    1.21
8192                    2.05
16384                   3.16
32768                   5.00
65536                   8.51
131072                 15.23
262144                 17.82
524288                 33.31
1048576                69.07
Running latency between core 12 on thin009 and core 20 on thin010...
1                       0.23
2                       0.21
4                       0.21
8                       0.21
16                      0.20
32                      0.25
64                      0.24
128                     0.33
256                     0.37
512                     0.45
1024                    0.55
2048                    0.76
4096                    1.21
8192                    2.05
16384                   3.18
32768                   5.00
65536                   8.53
131072                 15.24
262144                 17.75
524288                 33.30
1048576                68.79
Running latency between core 12 on thin009 and core 22 on thin010...
1                       0.20
2                       0.20
4                       0.20
8                       0.20
16                      0.20
32                      0.24
64                      0.24
128                     0.32
256                     0.36
512                     0.43
1024                    0.54
2048                    0.76
4096                    1.21
8192                    2.04
16384                   3.19
32768                   5.07
65536                   8.68
131072                 15.49
262144                 17.48
524288                 32.69
1048576                68.41
Running latency between core 14 on thin009 and core 14 on thin010...
1                    4031.38
2                    4042.78
4                    4028.93
8                    4020.58
16                   4036.58
32                   4034.08
64                   4034.68
128                  4018.98
256                  4027.43
512                  4044.43
1024                 4028.98
2048                 4025.38
4096                 4027.78
8192                 4037.03
16384                4037.48
32768                4000.48
65536                4071.49
131072               4015.98
262144               4005.98
524288               4077.47
1048576              4044.46
Running latency between core 14 on thin009 and core 16 on thin010...
1                       0.26
2                       0.24
4                       0.23
8                       0.23
16                      0.21
32                      0.26
64                      0.24
128                     0.34
256                     0.37
512                     0.44
1024                    0.54
2048                    0.75
4096                    1.19
8192                    2.03
16384                   3.15
32768                   4.94
65536                   8.34
131072                 14.82
262144                 17.42
524288                 32.81
1048576                67.31
Running latency between core 14 on thin009 and core 18 on thin010...
1                       0.21
2                       0.22
4                       0.21
8                       0.20
16                      0.20
32                      0.24
64                      0.23
128                     0.32
256                     0.36
512                     0.43
1024                    0.54
2048                    0.75
4096                    1.20
8192                    2.03
16384                   3.15
32768                   4.98
65536                   8.44
131072                 15.04
262144                 17.71
524288                 33.30
1048576                68.79
Running latency between core 14 on thin009 and core 20 on thin010...
1                       0.20
2                       0.19
4                       0.19
8                       0.19
16                      0.19
32                      0.24
64                      0.23
128                     0.33
256                     0.36
512                     0.44
1024                    0.55
2048                    0.75
4096                    1.21
8192                    2.04
16384                   3.20
32768                   4.99
65536                   8.44
131072                 15.13
262144                 17.71
524288                 33.11
1048576                68.77
Running latency between core 14 on thin009 and core 22 on thin010...
1                       0.19
2                       0.18
4                       0.18
8                       0.18
16                      0.18
32                      0.23
64                      0.22
128                     0.32
256                     0.36
512                     0.43
1024                    0.54
2048                    0.75
4096                    1.19
8192                    2.01
16384                   3.14
32768                   4.93
65536                   8.31
131072                 14.80
262144                 17.39
524288                 32.41
1048576                68.43
Running latency between core 16 on thin009 and core 16 on thin010...
1                    4031.98
2                    4030.18
4                    4042.38
8                    4042.78
16                   4037.78
32                   4041.18
64                   4041.58
128                  4043.78
256                  4042.38
512                  4040.58
1024                 4039.18
2048                 4035.78
4096                 4038.98
8192                 4039.03
16384                4020.98
32768                4030.98
65536                4029.99
131072               4039.48
262144               4068.48
524288               4019.97
1048576              4022.96
Running latency between core 16 on thin009 and core 18 on thin010...
1                       0.20
2                       0.20
4                       0.20
8                       0.20
16                      0.20
32                      0.24
64                      0.23
128                     0.32
256                     0.37
512                     0.42
1024                    0.54
2048                    0.75
4096                    1.21
8192                    2.02
16384                   3.12
32768                   4.96
65536                   8.37
131072                 15.10
262144                 17.50
524288                 32.94
1048576                68.49
Running latency between core 16 on thin009 and core 20 on thin010...
1                       0.19
2                       0.18
4                       0.18
8                       0.18
16                      0.18
32                      0.23
64                      0.22
128                     0.32
256                     0.35
512                     0.43
1024                    0.53
2048                    0.75
4096                    1.20
8192                    2.03
16384                   3.32
32768                   5.05
65536                   8.60
131072                 15.31
262144                 17.60
524288                 32.93
1048576                68.20
Running latency between core 16 on thin009 and core 22 on thin010...
1                       0.21
2                       0.21
4                       0.21
8                       0.20
16                      0.20
32                      0.24
64                      0.23
128                     0.33
256                     0.36
512                     0.43
1024                    0.54
2048                    0.74
4096                    1.21
8192                    2.01
16384                   3.11
32768                   4.92
65536                   8.28
131072                 14.68
262144                 17.25
524288                 32.25
1048576                68.32
Running latency between core 18 on thin009 and core 18 on thin010...
1                    4047.13
2                    4036.38
4                    4039.18
8                    4045.23
16                   4037.33
32                   4042.18
64                   4030.38
128                  4033.38
256                  4035.03
512                  4043.18
1024                 4028.93
2048                 4036.63
4096                 4032.18
8192                 4045.13
16384                4035.98
32768                4020.98
65536                4065.99
131072               4031.98
262144               4039.48
524288               4044.47
1048576              4027.46
Running latency between core 18 on thin009 and core 20 on thin010...
1                       0.21
2                       0.20
4                       0.20
8                       0.20
16                      0.19
32                      0.24
64                      0.23
128                     0.34
256                     0.38
512                     0.44
1024                    0.55
2048                    0.76
4096                    1.21
8192                    2.04
16384                   3.17
32768                   5.00
65536                   8.43
131072                 15.06
262144                 17.67
524288                 33.17
1048576                69.65
Running latency between core 18 on thin009 and core 22 on thin010...
1                       0.20
2                       0.19
4                       0.19
8                       0.19
16                      0.19
32                      0.23
64                      0.22
128                     0.32
256                     0.37
512                     0.44
1024                    0.54
2048                    0.74
4096                    1.19
8192                    2.02
16384                   3.15
32768                   4.95
65536                   8.33
131072                 14.84
262144                 17.42
524288                 32.83
1048576                69.66
Running latency between core 20 on thin009 and core 20 on thin010...
1                    4019.58
2                    4038.43
4                    4041.13
8                    4040.58
16                   4036.78
32                   4031.58
64                   4037.18
128                  4044.98
256                  4035.58
512                  4043.38
1024                 4041.63
2048                 4044.78
4096                 4038.58
8192                 4039.78
16384                4025.48
32768                4049.98
65536                4050.00
131072               4017.98
262144               4031.97
524288               4025.46
1048576              4031.46
Running latency between core 20 on thin009 and core 22 on thin010...
1                       0.20
2                       0.19
4                       0.19
8                       0.18
16                      0.19
32                      0.23
64                      0.23
128                     0.32
256                     0.36
512                     0.44
1024                    0.53
2048                    0.75
4096                    1.19
8192                    2.01
16384                   3.15
32768                   4.93
65536                   8.32
131072                 14.83
262144                 17.60
524288                 32.83
1048576                68.07
Running latency between core 22 on thin009 and core 22 on thin010...
1                    4008.13
2                    4033.38
4                    4031.73
8                    4035.58
16                   4050.43
32                   4031.33
64                   4032.98
128                  4031.23
256                  4047.38
512                  4042.08
1024                 3987.33
2048                 4030.28
4096                 4044.63
